 0.14015283092934698D-09 -0.19310795672409522D-09 -0.75319915851866759D-10 -0.53941907444375383D-10  0.20845571196673687D-09 -0.36342192104292172D-09  0.10421934891966653D-10  0.25434102212500017D-10  0.73726682124250823D-10 -0.84975769049675951D-10  0.26836843396932482D-09 -0.11266487614729017D-09  0.60399188177160441D-10 -0.52005136248959042D-11  0.61992654111775421D-10 -0.10467726362410897D-09  0.42270498727596881D-11 -0.80406037835896744D-12 -0.19713072102621024D-11 -0.23541331059108029D-10  0.52892270045589192D-15  0.55085944993919548D-16 -0.10620640424689591D-14 -0.11821736717998179D-15  0.45122542018508360D-15  0.13644349940320184D-14  0.11506754715619417D-15 -0.50195446568901423D-18 -0.31421694484066819D-11  0.15101370544853560D-10  0.43406633474697116D-11  0.71997702054163745D-11  0.98444606349286123D-11  0.54740606435018821D-11 -0.79761798981467553D-14 -0.10766286985216555D-14
-0.19310795672409522D-09  0.35259090676293572D-07 -0.43521835543690448D-09 -0.10841074943218966D-08  0.65869163206893758D-09  0.64795554764740740D-08 -0.74002707243588407D-08 -0.21767780326613652D-08 -0.13545210135840067D-08  0.12723706009717814D-09 -0.31425883934601566D-09  0.11229333675367620D-07 -0.98306679222291775D-08  0.33610264302619457D-08  0.57936022814591255D-09  0.13827737452904938D-08 -0.29075382045122346D-08  0.66248125648184969D-09 -0.13874087230144182D-09  0.19188589184589362D-09 -0.18533769939182643D-13  0.18274486949547010D-13 -0.12960489178893960D-14  0.16390192922960165D-15  0.62928482482597964D-13  0.37717308958943956D-13 -0.10522069907401675D-15 -0.56068895480049170D-18 -0.34823628381309428D-09 -0.12548343751010033D-10  0.22216034905253729D-09 -0.10391778686554131D-10 -0.13713624548622780D-09  0.62179860228363327D-10 -0.12579202541972458D-12 -0.12329878636106696D-13
-0.75319915851866759D-10 -0.43521835543690448D-09  0.27295167143237392D-07  0.79734841456027204D-08 -0.24833189546598671D-08 -0.90668647795751895D-09  0.42127056915600941D-09 -0.71983098382912498D-08 -0.98481377254056684D-09 -0.14431473849608679D-08 -0.22817030195340230D-10  0.67040054918958792D-08  0.98573407489763711D-08  0.66024202795009889D-08  0.47634140946793645D-09 -0.40755642701228495D-09 -0.13934428426802566D-08 -0.27427805870949113D-08 -0.45083485152750137D-09 -0.25618713320875039D-09  0.22919038145459010D-13  0.77352813413428001D-14 -0.75009271816084605D-14  0.62786655885394249D-16  0.19651532520339812D-13 -0.16809184414347611D-13  0.86365102307101633D-15 -0.15993250953807963D-17  0.50524895987294746D-11 -0.30250947324694537D-11  0.42210782228078175D-10 -0.20302031121725804D-11  0.33768106257768719D-09 -0.38385593818499609D-10  0.58953257791707625D-13  0.53580411405576635D-14
-0.53941907444375383D-10 -0.10841074943218966D-08  0.79734841456027204D-08  0.33178475781961233D-07 -0.11055735587946312D-08 -0.18432386424158427D-09 -0.11735244868109396D-08 -0.24969932484954423D-08  0.15196627759059983D-10 -0.28358100184292709D-08  0.48678339597877420D-10  0.27525246508593052D-08  0.24002309765877624D-08  0.90826970732838335D-08  0.71561593381777356D-09 -0.67674247577075122D-09 -0.45717758713496093D-09 -0.12658861529395872D-08 -0.40026047041243473D-09 -0.89660458260563766D-09 -0.13408658917578747D-14  0.46066180470078571D-14  0.42507304928482103D-13  0.43083122547356627D-16  0.49429118209634533D-14  0.57401312186214409D-15  0.46886965272230103D-15  0.23569194206779547D-17  0.40429766265078774D-11 -0.34283514407863847D-10  0.73717646661975264D-10 -0.51621766793487747D-11  0.32300716082578130D-09 -0.30892972913086071D-10  0.10757968517204516D-12  0.11665693436555305D-13
 0.20845571196673687D-09  0.65869163206893758D-09 -0.24833189546598671D-08 -0.11055735587946312D-08  0.10748391575389526D-07 -0.19573598744302503D-08  0.23357269176207502D-09 -0.88373194136446728D-11  0.76426635117472216D-09  0.95159424188189451D-09  0.61465328867768553D-09 -0.82386467589515162D-09 -0.93782875447415735D-09 -0.39539998513028853D-09  0.21833444089713393D-08 -0.19386071559228470D-08  0.24533017751246255D-09  0.19373453774894206D-09  0.27267380908708131D-09  0.33835582774065987D-10 -0.86448114322409265D-15 -0.23789148412190174D-13 -0.65470638079994910D-14 -0.17512201991243376D-15 -0.41445890432529716D-15 -0.10715139839413149D-13 -0.22064242354693971D-16  0.89753935586703778D-18 -0.22244775923983581D-10 -0.57900820964475742D-11  0.14182245810554875D-10  0.99010724221792129D-11 -0.36954912188812716D-10 -0.92557244943608365D-10 -0.41983086986406255D-13 -0.60285901659321942D-14
-0.36342192104292172D-09  0.64795554764740740D-08 -0.90668647795751895D-09 -0.18432386424158427D-09 -0.19573598744302503D-08  0.20438716552683450D-07 -0.53419202777249302D-09 -0.41868360779053823D-09 -0.72890822972103953D-09 -0.25273315342516300D-09 -0.70173403065284411D-09  0.17623288481194149D-08 -0.24893136017394271D-08 -0.16377969590458095D-09  0.31672824684886565D-08  0.55149471009873168D-08 -0.27877054975916671D-09 -0.80219931775204529D-11 -0.61042752869740518D-10  0.27145337374617847D-09 -0.69206704246148343D-14  0.20486874996763494D-13 -0.16519398604286983D-15  0.30983698980918768D-15  0.14710072685301345D-13  0.88083273813169458D-13 -0.79367411108501624D-15  0.65586314973511791D-18 -0.81556953612328791D-10 -0.10974267271873357D-09  0.57733192843998304D-10 -0.22071875359126535D-10 -0.51229108282299724D-10  0.25296476949875354D-09 -0.68540114293074330D-13 -0.96584067053688119D-14
 0.10421934891966653D-10 -0.74002707243588407D-08  0.42127056915600941D-09 -0.11735244868109396D-08  0.23357269176207502D-09 -0.53419202777249302D-09  0.15215968553289242D-07  0.46018348454107510D-09  0.17918399437673337D-08  0.47865382162657883D-10  0.49568751585893165D-10 -0.94873253047600935D-09  0.31119223386119142D-08 -0.78012978460338452D-09  0.28777995684742081D-09  0.28124810680752656D-09  0.38180000459176410D-08 -0.16885042126243137D-08  0.43362187390134256D-09 -0.90568847932707394D-10  0.22848127260783039D-14 -0.52656501916924749D-14 -0.33914364182801988D-14 -0.88030832430769227D-17 -0.60108214556236378D-14 -0.74553006793710469D-14 -0.35280322203080816D-15  0.83280104634590492D-18  0.27064320831489801D-10 -0.38551478791206937D-11 -0.30517896344473985D-10  0.99642050133505092D-12  0.21154668857707764D-10 -0.67524342987211656D-11  0.13699772341569380D-13  0.91148987639427415D-15
 0.25434102212500017D-10 -0.21767780326613652D-08 -0.71983098382912498D-08 -0.24969932484954423D-08 -0.88373194136446728D-11 -0.41868360779053823D-09  0.46018348454107510D-09  0.13194624486470628D-07  0.75636117629335161D-09  0.86420963707002919D-09  0.41866418271291407D-09 -0.33700481132874085D-08 -0.23858495771328389D-09 -0.27244273794269605D-08 -0.29469362842389656D-09  0.10532704712586382D-09  0.19134576304574198D-08  0.34042471104652348D-08  0.32706779381558499D-09  0.17550985487519336D-09 -0.28494093313323111D-14 -0.18274061879530418D-14 -0.47220841798976284D-14 -0.20331019373179938D-16 -0.92647722202608184D-14  0.62822917161701618D-14 -0.86855392753231597D-16 -0.60817603731871674D-18  0.30362279454063752D-10  0.25680597710839563D-11 -0.50597652340308308D-10  0.10034360216247337D-11 -0.47808145204123363D-10  0.23397917860471861D-10 -0.85446974533062713D-14 -0.11467302003857973D-15
 0.73726682124250823D-10 -0.13545210135840067D-08 -0.98481377254056684D-09  0.15196627759059983D-10  0.76426635117472216D-09 -0.72890822972103953D-09  0.17918399437673337D-08  0.75636117629335161D-09  0.76786177278617205D-08  0.44291912488219375D-09  0.16494322409545393D-09 -0.55536441855274575D-09  0.36556589261333487D-09 -0.75765699224854748D-10  0.91045679592384822D-09  0.22425819782917380D-09  0.68401218390048021D-09 -0.13458718907069711D-09  0.15869146705081230D-08 -0.55269188866100306D-09 -0.90286126263798263D-15 -0.32777088835885326D-14 -0.24756221021628773D-14 -0.62135994133624381D-16 -0.54051769326336302D-15  0.32272511449301242D-14 -0.19221524939978555D-15  0.22708722661192629D-17 -0.89510812946579313D-11 -0.12143185843557911D-10 -0.56793237136455500D-11  0.15080662608602501D-11  0.73116598818019364D-11  0.33633523847431715D-10 -0.96050490760805552D-14 -0.11130756438492739D-14
-0.84975769049675951D-10  0.12723706009717814D-09 -0.14431473849608679D-08 -0.28358100184292709D-08  0.95159424188189451D-09 -0.25273315342516300D-09  0.47865382162657883D-10  0.86420963707002919D-09  0.44291912488219375D-09  0.62132597587347858D-08 -0.76801879474216158D-10 -0.50833227670485641D-09 -0.31317373941351988D-09 -0.74749282280590502D-09 -0.53895936562855917D-09  0.48298430273958481D-09  0.24375172557810334D-09  0.41143429690881702D-09  0.58730106358975292D-09  0.13623437778526039D-08 -0.11889515879631288D-14 -0.46185832711528812D-14 -0.27731627788627314D-14  0.70630998213307832D-16 -0.19202431350770561D-15 -0.39290988019893779D-14  0.27584295697205220D-15  0.53309208923858194D-18 -0.90999049483803994D-11 -0.60536705047706944D-12  0.45908385187751604D-11 -0.29341775662650924D-11 -0.34020519653420563D-10 -0.12005469667048001D-10 -0.15438214863621576D-13 -0.12399874719645306D-14
 0.26836843396932482D-09 -0.31425883934601566D-09 -0.22817030195340230D-10  0.48678339597877420D-10  0.61465328867768553D-09 -0.70173403065284411D-09  0.49568751585893165D-10  0.41866418271291407D-09  0.16494322409545393D-09 -0.76801879474216158D-10  0.12742588018921522D-08 -0.22612840418671357D-09  0.30040973451905750D-09  0.16924026107487485D-09  0.17281518747743027D-09 -0.49082150989601791D-10  0.55338737971713901D-10  0.89187849942657750D-10  0.23355417573479153D-10 -0.95095866531346508D-12  0.12595932686048820D-14  0.56052063727114038D-15 -0.24832011536454166D-14 -0.22658783698928444D-15  0.10495181622706739D-14  0.85738366130085233D-14  0.11387482973078015D-15 -0.35247835188075231D-18 -0.59899424666670714D-11  0.18623133454428212D-10  0.82674158021038534D-11  0.10636887985175234D-10  0.23687731329992060D-10  0.27817787377355947D-10 -0.13677645855225811D-13 -0.21515071715045402D-14
-0.11266487614729017D-09  0.11229333675367620D-07  0.67040054918958792D-08  0.27525246508593052D-08 -0.82386467589515162D-09  0.17623288481194149D-08 -0.94873253047600935D-09 -0.33700481132874085D-08 -0.55536441855274575D-09 -0.50833227670485641D-09 -0.22612840418671357D-09  0.62381037971289216D-08 -0.76426210765607341D-09  0.29687537812200062D-08  0.32227962370169963D-09  0.38346051370217916D-09 -0.11091554182650236D-08 -0.96401982459841735D-09 -0.20919478157177225D-09 -0.62906854725764210D-10 -0.16217562889130002D-14  0.77808127480256261D-14  0.63970615544171181D-15  0.94928211191524377D-16  0.29030493849212737D-13  0.81687418082613702D-14  0.12063654995612575D-15 -0.70715312386412756D-19 -0.13708889973653519D-09 -0.13413650114122312D-10  0.95603422496351338D-10 -0.56565392709953194D-11  0.33684279211973222D-10  0.48903933919110408D-11 -0.27474146478542172D-13 -0.26406962099232990D-14
 0.60399188177160441D-10 -0.98306679222291775D-08  0.98573407489763711D-08  0.24002309765877624D-08 -0.93782875447415735D-09 -0.24893136017394271D-08  0.31119223386119142D-08 -0.23858495771328389D-09  0.36556589261333487D-09 -0.31317373941351988D-09  0.30040973451905750D-09 -0.76426210765607341D-09  0.71734920477208077D-08  0.12607299787205350D-08  0.14176369873231761D-09 -0.51635088807663076D-09  0.77638285860900676D-09 -0.84403484973996712D-09 -0.52604401154364057D-10 -0.12287822205269858D-09  0.15094395100836602D-13 -0.26567426670126983D-14 -0.83454608739630104D-14 -0.51496191670522755D-16 -0.72682184008393124D-14 -0.17697784849502547D-13  0.25166824034345241D-15 -0.24820861898709238D-18  0.76598184758295542D-10  0.35628457964409140D-11 -0.36571282990235476D-10  0.39161482410937898D-11  0.18102215491064908D-09 -0.24398527699387674D-10  0.44491136655752384D-13  0.34321892482689122D-14
-0.52005136248959042D-11  0.33610264302619457D-08  0.66024202795009889D-08  0.90826970732838335D-08 -0.39539998513028853D-09 -0.16377969590458095D-09 -0.78012978460338452D-09 -0.27244273794269605D-08 -0.75765699224854748D-10 -0.74749282280590502D-09  0.16924026107487485D-09  0.29687537812200062D-08  0.12607299787205350D-08  0.49567350339827443D-08  0.41539391048120627D-09 -0.21702023695271310D-09 -0.70093824501689899D-09 -0.84629227070056124D-09 -0.13649506084142651D-09 -0.24844848759398549D-09  0.67001355223408166D-15  0.41591974091194939D-14  0.93553715108549952D-14  0.32577879130022941D-17  0.12460412145168766D-13 -0.62229063263322065D-15  0.29764706869078766D-15  0.83557902431866527D-18 -0.58095013431181784D-10 -0.52322708889336272D-11  0.77578576605178736D-10 -0.63550328221660462D-12  0.11470000317348781D-09 -0.58524645583766114D-11  0.13477194289333659D-13  0.86088520322228336D-15
 0.61992654111775421D-10  0.57936022814591255D-09  0.47634140946793645D-09  0.71561593381777356D-09  0.21833444089713393D-08  0.31672824684886565D-08  0.28777995684742081D-09 -0.29469362842389656D-09  0.91045679592384822D-09 -0.53895936562855917D-09  0.17281518747743027D-09  0.32227962370169963D-09  0.14176369873231761D-09  0.41539391048120627D-09  0.21828246242908832D-08  0.38097434591340364D-09  0.86846660787305803D-10 -0.15463823778698817D-09 -0.63002265748149169D-11 -0.22304472335917972D-09  0.44052252213589346D-15 -0.40653704304325040D-14 -0.20754815236246574D-14 -0.51294241433554329D-16  0.28707311055548187D-14  0.87914273530618151D-14 -0.21496843677413583D-15  0.50858221490358779D-18 -0.21650460861104341D-10 -0.26534774326595079D-10  0.20191694781334423D-10  0.17456671180514035D-11  0.22804190424892088D-10  0.10506663418900338D-10 -0.12464445531656004D-13 -0.27214040288059601D-14
-0.10467726362410897D-09  0.13827737452904938D-08 -0.40755642701228495D-09 -0.67674247577075122D-09 -0.19386071559228470D-08  0.55149471009873168D-08  0.28124810680752656D-09  0.10532704712586382D-09  0.22425819782917380D-09  0.48298430273958481D-09 -0.49082150989601791D-10  0.38346051370217916D-09 -0.51635088807663076D-09 -0.21702023695271310D-09  0.38097434591340364D-09  0.25278566143679078D-08  0.59376308033153316D-10 -0.40160945659614309D-10  0.18842405734552747D-09  0.11591231297519850D-09 -0.16837760538110202D-14  0.92603109444873964D-14 -0.76786630499511110D-15  0.89581641491532415D-16  0.39488560403419798D-14  0.27852922005880510D-13 -0.37024932265713214D-15  0.57516511000135738D-18 -0.18248253865664255D-10 -0.28114486939692167D-10  0.11647153557811370D-10 -0.71090373207506781D-11 -0.84672344218912321D-11  0.11661885224245979D-09 -0.19258164280038327D-13 -0.26677896500659235D-14
 0.42270498727596881D-11 -0.29075382045122346D-08 -0.13934428426802566D-08 -0.45717758713496093D-09  0.24533017751246255D-09 -0.27877054975916671D-09  0.38180000459176410D-08  0.19134576304574198D-08  0.68401218390048021D-09  0.24375172557810334D-09  0.55338737971713901D-10 -0.11091554182650236D-08  0.77638285860900676D-09 -0.70093824501689899D-09  0.86846660787305803D-10  0.59376308033153316D-10  0.13978398731717226D-08  0.45318342927191128D-10  0.18873599719634253D-09  0.32084874450911575D-12 -0.36903421101381693D-16 -0.28392152728474645D-14 -0.48988437377573559D-15 -0.35597576421617855D-17 -0.47736140672910816D-14 -0.19136531495472286D-14 -0.14764539447777609D-15  0.55408745972112208D-18  0.17849202361117584D-10 -0.32946287136731624D-11 -0.18425009045198728D-10  0.34069013657409920D-12 -0.20983434422946398D-11 -0.14113090125853618D-11  0.24562665201712098D-14  0.42642790545048280D-16
-0.80406037835896744D-12  0.66248125648184969D-09 -0.27427805870949113D-08 -0.12658861529395872D-08  0.19373453774894206D-09 -0.80219931775204529D-11 -0.16885042126243137D-08  0.34042471104652348D-08 -0.13458718907069711D-09  0.41143429690881702D-09  0.89187849942657750D-10 -0.96401982459841735D-09 -0.84403484973996712D-09 -0.84629227070056124D-09 -0.15463823778698817D-09 -0.40160945659614309D-10  0.45318342927191128D-10  0.13177240739026363D-08  0.47033700363974386D-10  0.11514926657851097D-09 -0.20341502026621508D-14  0.68372277493346174D-17 -0.13005574260067449D-14  0.10346550767535809D-17 -0.23797570856074414D-14  0.26386123972267990D-14 -0.32775290485437536D-16 -0.33546995077618160D-18  0.17459220899053159D-11  0.17066051270399245D-11 -0.80237015551343257D-11 -0.42944865826944891D-12 -0.33532461129514898D-10  0.60328265111346999D-11 -0.90323035425681830D-14 -0.59090295421970766D-15
-0.19713072102621024D-11 -0.13874087230144182D-09 -0.45083485152750137D-09 -0.40026047041243473D-09  0.27267380908708131D-09 -0.61042752869740518D-10  0.43362187390134256D-09  0.32706779381558499D-09  0.15869146705081230D-08  0.58730106358975292D-09  0.23355417573479153D-10 -0.20919478157177225D-09 -0.52604401154364057D-10 -0.13649506084142651D-09 -0.63002265748149169D-11  0.18842405734552747D-09  0.18873599719634253D-09  0.47033700363974386D-10  0.49525112883700545D-09 -0.29357602768943403D-11 -0.55331387890031212D-15 -0.66588556015419595D-15 -0.79385772885415869D-15  0.17310222128144526D-17 -0.10344375790580504D-15  0.22525961183707536D-14 -0.31075741904751809D-16  0.36498511054428754D-18 -0.19060461700457069D-11 -0.19606768809964499D-11 -0.15331166974364733D-11 -0.40122167173131527D-12 -0.82454163726121607D-11  0.98448406314328336D-11 -0.54920227922904765D-14 -0.54054781509868855D-15
-0.23541331059108029D-10  0.19188589184589362D-09 -0.25618713320875039D-09 -0.89660458260563766D-09  0.33835582774065987D-10  0.27145337374617847D-09 -0.90568847932707394D-10  0.17550985487519336D-09 -0.55269188866100306D-09  0.13623437778526039D-08 -0.95095866531346508D-12 -0.62906854725764210D-10 -0.12287822205269858D-09 -0.24844848759398549D-09 -0.22304472335917972D-09  0.11591231297519850D-09  0.32084874450911575D-12  0.11514926657851097D-09 -0.29357602768943403D-11  0.45918898850963585D-09 -0.28094666028796832D-15 -0.23669360484544987D-15 -0.67068597947032782D-15  0.19799809903342478D-16 -0.99877989117129123D-16  0.11360497142241731D-14  0.78288984433768273D-16 -0.31383261228198808D-18 -0.30497914174535373D-12  0.41532722698010557D-12 -0.10675012229118528D-11 -0.71340745787414170D-12 -0.13347328393530449D-10 -0.10655231000331040D-11 -0.50700744578002203D-14 -0.36988431042202502D-15
 0.52892270045589192D-15 -0.18533769939182643D-13  0.22919038145459010D-13 -0.13408658917578747D-14 -0.86448114322409265D-15 -0.69206704246148343D-14  0.22848127260783039D-14 -0.28494093313323111D-14 -0.90286126263798263D-15 -0.11889515879631288D-14  0.12595932686048820D-14 -0.16217562889130002D-14  0.15094395100836602D-13  0.67001355223408166D-15  0.44052252213589346D-15 -0.16837760538110202D-14 -0.36903421101381693D-16 -0.20341502026621508D-14 -0.55331387890031212D-15 -0.28094666028796832D-15  0.17646242153366213D-18 -0.44473000996573073D-19 -0.62065899763519623D-19 -0.33502129103733219D-21 -0.33301304403296325D-19 -0.15069862622454053D-18  0.11099537374445407D-19 -0.70894677280210849D-22  0.45431407557834799D-15  0.15906332530448084D-16 -0.24692314131095819D-15  0.32130428987920930D-16  0.11570969662545184D-14 -0.33584106935582122D-15  0.56770931733641778D-17  0.11452424194528200D-18
 0.55085944993919548D-16  0.18274486949547010D-13  0.77352813413428001D-14  0.46066180470078571D-14 -0.23789148412190174D-13  0.20486874996763494D-13 -0.52656501916924749D-14 -0.18274061879530418D-14 -0.32777088835885326D-14 -0.46185832711528812D-14  0.56052063727114038D-15  0.77808127480256261D-14 -0.26567426670126983D-14  0.41591974091194939D-14 -0.40653704304325040D-14  0.92603109444873964D-14 -0.28392152728474645D-14  0.68372277493346174D-17 -0.66588556015419595D-15 -0.23669360484544987D-15 -0.44473000996573073D-19  0.15833330067232113D-17 -0.84559861836588579D-19  0.33196100934451601D-21  0.24109100962164267D-19  0.89386459603219113D-19 -0.33642563716200095D-19  0.37214764309079979D-21 -0.23988034990811092D-15  0.47395861028715194D-15  0.20846032198301821D-15 -0.14084923245370777D-15 -0.20824517738261896D-15  0.22671911820223789D-14 -0.16675157694398257D-17 -0.11754790415772740D-18
-0.10620640424689591D-14 -0.12960489178893960D-14 -0.75009271816084605D-14  0.42507304928482103D-13 -0.65470638079994910D-14 -0.16519398604286983D-15 -0.33914364182801988D-14 -0.47220841798976284D-14 -0.24756221021628773D-14 -0.27731627788627314D-14 -0.24832011536454166D-14  0.63970615544171181D-15 -0.83454608739630104D-14  0.93553715108549952D-14 -0.20754815236246574D-14 -0.76786630499511110D-15 -0.48988437377573559D-15 -0.13005574260067449D-14 -0.79385772885415869D-15 -0.67068597947032782D-15 -0.62065899763519623D-19 -0.84559861836588579D-19  0.14445918214193801D-17  0.80940068662638573D-22 -0.64397545227550475D-19 -0.17322209273690444D-18  0.52119461449997900D-18  0.15831719559578042D-21  0.39663495723438698D-15 -0.12027892992584376D-16 -0.16538298948884066D-15 -0.97750908343822947D-16 -0.37211418283485941D-15 -0.54027083572929180D-15  0.32164438082946580D-18  0.14983690322980048D-18
-0.11821736717998179D-15  0.16390192922960165D-15  0.62786655885394249D-16  0.43083122547356627D-16 -0.17512201991243376D-15  0.30983698980918768D-15 -0.88030832430769227D-17 -0.20331019373179938D-16 -0.62135994133624381D-16  0.70630998213307832D-16 -0.22658783698928444D-15  0.94928211191524377D-16 -0.51496191670522755D-16  0.32577879130022941D-17 -0.51294241433554329D-16  0.89581641491532415D-16 -0.35597576421617855D-17  0.10346550767535809D-17  0.17310222128144526D-17  0.19799809903342478D-16 -0.33502129103733219D-21  0.33196100934451601D-21  0.80940068662638573D-22  0.12626341078046575D-21 -0.40850027510394626D-21 -0.15635513520034040D-20 -0.26475328033705140D-21 -0.13509109924028702D-22  0.24445138159071363D-17 -0.12673840168440717D-16 -0.34339105775844413D-17 -0.62079056818833074D-17 -0.78436537580121274D-17 -0.36922066813259069D-17  0.93424376943825971D-20  0.48018356240247393D-21
 0.45122542018508360D-15  0.62928482482597964D-13  0.19651532520339812D-13  0.49429118209634533D-14 -0.41445890432529716D-15  0.14710072685301345D-13 -0.60108214556236378D-14 -0.92647722202608184D-14 -0.54051769326336302D-15 -0.19202431350770561D-15  0.10495181622706739D-14  0.29030493849212737D-13 -0.72682184008393124D-14  0.12460412145168766D-13  0.28707311055548187D-14  0.39488560403419798D-14 -0.47736140672910816D-14 -0.23797570856074414D-14 -0.10344375790580504D-15 -0.99877989117129123D-16 -0.33301304403296325D-19  0.24109100962164267D-19 -0.64397545227550475D-19 -0.40850027510394626D-21  0.40657797049597773D-18  0.10954150660632377D-18  0.90175557907101207D-20 -0.75807674455911514D-22 -0.16498026604227005D-14  0.59434161880527340D-16  0.11104965525310855D-14  0.41766442213038051D-16  0.21369089778063881D-15  0.33875582609417948D-15 -0.15192544696983430D-17 -0.20309255019303687D-18
 0.13644349940320184D-14  0.37717308958943956D-13 -0.16809184414347611D-13  0.57401312186214409D-15 -0.10715139839413149D-13  0.88083273813169458D-13 -0.74553006793710469D-14  0.62822917161701618D-14  0.32272511449301242D-14 -0.39290988019893779D-14  0.85738366130085233D-14  0.81687418082613702D-14 -0.17697784849502547D-13 -0.62229063263322065D-15  0.87914273530618151D-14  0.27852922005880510D-13 -0.19136531495472286D-14  0.26386123972267990D-14  0.22525961183707536D-14  0.11360497142241731D-14 -0.15069862622454053D-18  0.89386459603219113D-19 -0.17322209273690444D-18 -0.15635513520034040D-20  0.10954150660632377D-18  0.34216078470169776D-17 -0.19799940661560388D-18  0.36240782928648343D-21 -0.13805612925183675D-14 -0.92856508641267448D-15  0.73005277235087333D-15  0.60856418622122946D-15 -0.18777095346896503D-14  0.47998034590197320D-14 -0.41511303967716980D-17 -0.33898076073418243D-18
 0.11506754715619417D-15 -0.10522069907401675D-15  0.86365102307101633D-15  0.46886965272230103D-15 -0.22064242354693971D-16 -0.79367411108501624D-15 -0.35280322203080816D-15 -0.86855392753231597D-16 -0.19221524939978555D-15  0.27584295697205220D-15  0.11387482973078015D-15  0.12063654995612575D-15  0.25166824034345241D-15  0.29764706869078766D-15 -0.21496843677413583D-15 -0.37024932265713214D-15 -0.14764539447777609D-15 -0.32775290485437536D-16 -0.31075741904751809D-16  0.78288984433768273D-16  0.11099537374445407D-19 -0.33642563716200095D-19  0.52119461449997900D-18 -0.26475328033705140D-21  0.90175557907101207D-20 -0.19799940661560388D-18  0.81539330498078556D-18  0.48083946723660223D-21 -0.25970598230986097D-16  0.82162761686003357D-16 -0.20882402473171862D-16 -0.44580845910286163D-16 -0.63483116271979123D-16 -0.15340573874170379D-15 -0.12097328486467732D-18 -0.78512673183127784D-19
-0.50195446568901423D-18 -0.56068895480049170D-18 -0.15993250953807963D-17  0.23569194206779547D-17  0.89753935586703778D-18  0.65586314973511791D-18  0.83280104634590492D-18 -0.60817603731871674D-18  0.22708722661192629D-17  0.53309208923858194D-18 -0.35247835188075231D-18 -0.70715312386412756D-19 -0.24820861898709238D-18  0.83557902431866527D-18  0.50858221490358779D-18  0.57516511000135738D-18  0.55408745972112208D-18 -0.33546995077618160D-18  0.36498511054428754D-18 -0.31383261228198808D-18 -0.70894677280210849D-22  0.37214764309079979D-21  0.15831719559578042D-21 -0.13509109924028702D-22 -0.75807674455911514D-22  0.36240782928648343D-21  0.48083946723660223D-21  0.55094341089038772D-22  0.36759653855750031D-18 -0.27232405270291001D-18 -0.21730867952991765D-18  0.32891772981152337D-19 -0.27021328675116946D-18 -0.14070153223544012D-18  0.72883395387682864D-21  0.68139117271452433D-21
-0.31421694484066819D-11 -0.34823628381309428D-09  0.50524895987294746D-11  0.40429766265078774D-11 -0.22244775923983581D-10 -0.81556953612328791D-10  0.27064320831489801D-10  0.30362279454063752D-10 -0.89510812946579313D-11 -0.90999049483803994D-11 -0.59899424666670714D-11 -0.13708889973653519D-09  0.76598184758295542D-10 -0.58095013431181784D-10 -0.21650460861104341D-10 -0.18248253865664255D-10  0.17849202361117584D-10  0.17459220899053159D-11 -0.19060461700457069D-11 -0.30497914174535373D-12  0.45431407557834799D-15 -0.23988034990811092D-15  0.39663495723438698D-15  0.24445138159071363D-17 -0.16498026604227005D-14 -0.13805612925183675D-14 -0.25970598230986097D-16  0.36759653855750031D-18  0.12789947059558788D-10  0.26728761913569356D-12 -0.86137181095125163D-11 -0.29401692888273741D-12  0.41105109811159878D-11 -0.26753868632750704D-11  0.15997718274739852D-13  0.18080955388201705D-14
 0.15101370544853560D-10 -0.12548343751010033D-10 -0.30250947324694537D-11 -0.34283514407863847D-10 -0.57900820964475742D-11 -0.10974267271873357D-09 -0.38551478791206937D-11  0.25680597710839563D-11 -0.12143185843557911D-10 -0.60536705047706944D-12  0.18623133454428212D-10 -0.13413650114122312D-10  0.35628457964409140D-11 -0.52322708889336272D-11 -0.26534774326595079D-10 -0.28114486939692167D-10 -0.32946287136731624D-11  0.17066051270399245D-11 -0.19606768809964499D-11  0.41532722698010557D-12  0.15906332530448084D-16  0.47395861028715194D-15 -0.12027892992584376D-16 -0.12673840168440717D-16  0.59434161880527340D-16 -0.92856508641267448D-15  0.82162761686003357D-16 -0.27232405270291001D-18  0.26728761913569356D-12  0.49655383538607376D-11 -0.22897011964233236D-13  0.11365235176619064D-11  0.14034598269247057D-12 -0.51251311492580720D-12 -0.13179904120948480D-14  0.99196678940812917D-17
 0.43406633474697116D-11  0.22216034905253729D-09  0.42210782228078175D-10  0.73717646661975264D-10  0.14182245810554875D-10  0.57733192843998304D-10 -0.30517896344473985D-10 -0.50597652340308308D-10 -0.56793237136455500D-11  0.45908385187751604D-11  0.82674158021038534D-11  0.95603422496351338D-10 -0.36571282990235476D-10  0.77578576605178736D-10  0.20191694781334423D-10  0.11647153557811370D-10 -0.18425009045198728D-10 -0.80237015551343257D-11 -0.15331166974364733D-11 -0.10675012229118528D-11 -0.24692314131095819D-15  0.20846032198301821D-15 -0.16538298948884066D-15 -0.34339105775844413D-17  0.11104965525310855D-14  0.73005277235087333D-15 -0.20882402473171862D-16 -0.21730867952991765D-18 -0.86137181095125163D-11 -0.22897011964233236D-13  0.74951822026746506D-11  0.31881310951704349D-12  0.32262223873591524D-12  0.19070646112397653D-11 -0.10273794027067618D-13 -0.12995585080247882D-14
 0.71997702054163745D-11 -0.10391778686554131D-10 -0.20302031121725804D-11 -0.51621766793487747D-11  0.99010724221792129D-11 -0.22071875359126535D-10  0.99642050133505092D-12  0.10034360216247337D-11  0.15080662608602501D-11 -0.29341775662650924D-11  0.10636887985175234D-10 -0.56565392709953194D-11  0.39161482410937898D-11 -0.63550328221660462D-12  0.17456671180514035D-11 -0.71090373207506781D-11  0.34069013657409920D-12 -0.42944865826944891D-12 -0.40122167173131527D-12 -0.71340745787414170D-12  0.32130428987920930D-16 -0.14084923245370777D-15 -0.97750908343822947D-16 -0.62079056818833074D-17  0.41766442213038051D-16  0.60856418622122946D-15 -0.44580845910286163D-16  0.32891772981152337D-19 -0.29401692888273741D-12  0.11365235176619064D-11  0.31881310951704349D-12  0.76477879738124838D-12  0.74473986837780946D-12  0.64066442368948497D-14 -0.10424108288375282D-14 -0.11043600655527954D-15
 0.98444606349286123D-11 -0.13713624548622780D-09  0.33768106257768719D-09  0.32300716082578130D-09 -0.36954912188812716D-10 -0.51229108282299724D-10  0.21154668857707764D-10 -0.47808145204123363D-10  0.73116598818019364D-11 -0.34020519653420563D-10  0.23687731329992060D-10  0.33684279211973222D-10  0.18102215491064908D-09  0.11470000317348781D-09  0.22804190424892088D-10 -0.84672344218912321D-11 -0.20983434422946398D-11 -0.33532461129514898D-10 -0.82454163726121607D-11 -0.13347328393530449D-10  0.11570969662545184D-14 -0.20824517738261896D-15 -0.37211418283485941D-15 -0.78436537580121274D-17  0.21369089778063881D-15 -0.18777095346896503D-14 -0.63483116271979123D-16 -0.27021328675116946D-18  0.41105109811159878D-11  0.14034598269247057D-12  0.32262223873591524D-12  0.74473986837780946D-12  0.25824955455420460D-10 -0.20675117411064139D-11  0.15704888725659918D-13  0.79456154991149371D-15
 0.54740606435018821D-11  0.62179860228363327D-10 -0.38385593818499609D-10 -0.30892972913086071D-10 -0.92557244943608365D-10  0.25296476949875354D-09 -0.67524342987211656D-11  0.23397917860471861D-10  0.33633523847431715D-10 -0.12005469667048001D-10  0.27817787377355947D-10  0.48903933919110408D-11 -0.24398527699387674D-10 -0.58524645583766114D-11  0.10506663418900338D-10  0.11661885224245979D-09 -0.14113090125853618D-11  0.60328265111346999D-11  0.98448406314328336D-11 -0.10655231000331040D-11 -0.33584106935582122D-15  0.22671911820223789D-14 -0.54027083572929180D-15 -0.36922066813259069D-17  0.33875582609417948D-15  0.47998034590197320D-14 -0.15340573874170379D-15 -0.14070153223544012D-18 -0.26753868632750704D-11 -0.51251311492580720D-12  0.19070646112397653D-11  0.64066442368948497D-14 -0.20675117411064139D-11  0.21992998179865263D-10 -0.14794192680278296D-13 -0.14209317854892883D-14
-0.79761798981467553D-14 -0.12579202541972458D-12  0.58953257791707625D-13  0.10757968517204516D-12 -0.41983086986406255D-13 -0.68540114293074330D-13  0.13699772341569380D-13 -0.85446974533062713D-14 -0.96050490760805552D-14 -0.15438214863621576D-13 -0.13677645855225811D-13 -0.27474146478542172D-13  0.44491136655752384D-13  0.13477194289333659D-13 -0.12464445531656004D-13 -0.19258164280038327D-13  0.24562665201712098D-14 -0.90323035425681830D-14 -0.54920227922904765D-14 -0.50700744578002203D-14  0.56770931733641778D-17 -0.16675157694398257D-17  0.32164438082946580D-18  0.93424376943825971D-20 -0.15192544696983430D-17 -0.41511303967716980D-17 -0.12097328486467732D-18  0.72883395387682864D-21  0.15997718274739852D-13 -0.13179904120948480D-14 -0.10273794027067618D-13 -0.10424108288375282D-14  0.15704888725659918D-13 -0.14794192680278296D-13  0.31918337806623171D-15  0.11385102618577024D-16
-0.10766286985216555D-14 -0.12329878636106696D-13  0.53580411405576635D-14  0.11665693436555305D-13 -0.60285901659321942D-14 -0.96584067053688119D-14  0.91148987639427415D-15 -0.11467302003857973D-15 -0.11130756438492739D-14 -0.12399874719645306D-14 -0.21515071715045402D-14 -0.26406962099232990D-14  0.34321892482689122D-14  0.86088520322228336D-15 -0.27214040288059601D-14 -0.26677896500659235D-14  0.42642790545048280D-16 -0.59090295421970766D-15 -0.54054781509868855D-15 -0.36988431042202502D-15  0.11452424194528200D-18 -0.11754790415772740D-18  0.14983690322980048D-18  0.48018356240247393D-21 -0.20309255019303687D-18 -0.33898076073418243D-18 -0.78512673183127784D-19  0.68139117271452433D-21  0.18080955388201705D-14  0.99196678940812917D-17 -0.12995585080247882D-14 -0.11043600655527954D-15  0.79456154991149371D-15 -0.14209317854892883D-14  0.11385102618577024D-16  0.12834446362387933D-17
