 0.12925379984915032D-09 -0.57526936657717732D-10 -0.99105846910358496D-10 -0.79120382629403278D-12  0.55595680534666782D-10 -0.17464416610225004D-09 -0.36983662250134695D-11  0.37880533470908553D-10  0.34977389204094877D-10 -0.33343427463568958D-10  0.23830479007886695D-09 -0.47379206150943559D-10 -0.30246149205747134D-10 -0.12309252024204252D-10  0.22877655638338345D-10 -0.52582793652202733D-10  0.10658332294149182D-10  0.83151066729543276D-11 -0.42302974379970447D-11 -0.14307609884704697D-10 -0.60597863369247462D-16  0.76020705847371766D-15  0.32751707949950959D-15 -0.10889843335621089D-15 -0.46230932472560650D-15  0.15858404266792104D-14 -0.22280213861893578D-16 -0.23882088527932165D-18  0.26651278677652691D-11  0.18311583822800409D-10 -0.12164593098541122D-11  0.69853638471969053D-11 -0.13948957801044003D-11  0.70413828671512863D-11  0.13404434330635448D-14  0.20280219446830771D-15
-0.57526936657717732D-10  0.31472498311981596D-07 -0.18652620114030574D-08 -0.35488517556588240D-08  0.30382784420438356D-09 -0.40973667166954100D-09 -0.54100300184205684D-08 -0.16840503288648592D-08  0.83491981632995001D-10  0.13032212397929927D-09 -0.10150341132053908D-09  0.10086483947019655D-07 -0.93585111037203401D-08  0.19922768193132126D-08  0.25536457367051949D-09 -0.27224381567463441D-09 -0.22442809105008191D-08  0.48090853052904912D-09 -0.12770091586633244D-11  0.71054022590873088D-10 -0.12548662409808171D-13 -0.17790609911655767D-14 -0.24818912096362111D-15  0.47936249849634655D-16  0.51033892697933507D-13 -0.66605361090448502D-14 -0.55840370903519785D-16 -0.44388995615685527D-18 -0.25756118546150960D-09 -0.44852409393061700D-11  0.16052604678139559D-09 -0.24074186063399733D-11 -0.46150230458540671D-10 -0.14764841852214360D-10  0.43518381311664567D-14 -0.17055992433631289D-14
-0.99105846910358496D-10 -0.18652620114030574D-08  0.27599123913968777D-07  0.64541755763963855D-08 -0.49448712060336771D-10  0.98540345165030658D-09  0.47313980186636774D-09 -0.55231309014662442D-08  0.11627254662107630D-09 -0.46883407814781274D-09 -0.31146503581221740D-09  0.59285583374482434D-08  0.10694849363470150D-07  0.57000597280894883D-08  0.10124841684559920D-09  0.46452280701472840D-09 -0.86247038106976504D-09 -0.21102691338676319D-08 -0.17585085311454080D-10 -0.10377466141280329D-09  0.25535022979396298D-13 -0.37393662537981112D-15 -0.15283326553552245D-13  0.83905334540947769D-16  0.25274387187877623D-13  0.18602474753910737D-16 -0.76743790848206959D-16 -0.78549895269603130D-18  0.80448269302490757D-11 -0.31836695067198792D-11  0.24175840918554822D-10 -0.38301379867556390D-11  0.40107499864781755D-09  0.71501434520331636D-13  0.52785710037073633D-13  0.41045826886629427D-14
-0.79120382629403278D-12 -0.35488517556588240D-08  0.64541755763963855D-08  0.30891659684806256D-07 -0.12609887220464710D-09  0.13660133085643200D-09  0.11013022478993527D-08 -0.89974404224787049D-09  0.27991988663924699D-09  0.16174286941798087D-09  0.24949509084236890D-09  0.15625874372635017D-08  0.23957395169131735D-08  0.80950346233651806D-08  0.25649842067570710D-10  0.31307493532986034D-09  0.66780236926478793D-09 -0.12647461984016567D-08  0.43564754838524633D-10  0.37571707366081061D-10 -0.19589746458077501D-14  0.86784387150221580D-15  0.41044367392613180D-13  0.15712405064428466D-17  0.58894876835276241D-14  0.42267924136200414D-14  0.59714196844088026D-16  0.84129229032842341D-18 -0.10800915992557675D-10 -0.70029976391892690D-11  0.85311086645905333D-10 -0.16960562741103840D-11  0.36630941197257115D-09  0.24598263309971960D-10  0.24657386047168309D-13  0.22629885287230548D-15
 0.55595680534666782D-10  0.30382784420438356D-09 -0.49448712060336771D-10 -0.12609887220464710D-09  0.10120900882300130D-07 -0.42100628863728937D-09  0.65235059875211630D-11  0.24016328178036472D-10  0.41105940301193562D-09  0.13945071947831292D-08  0.22615611286330227D-09  0.12147308802051655D-09 -0.81982332753554300D-10  0.22866629131921811D-10  0.25033034421467134D-08 -0.12349814402189024D-08 -0.41770607442456593D-10  0.51164735568886882D-11  0.26872537973325504D-09  0.24394807083523937D-09  0.58265379865381559D-15 -0.21218557059341195D-13  0.22376838989540393D-15 -0.47044565807628479D-16 -0.69912616831747258D-15 -0.60662330141936850D-14 -0.47584845690879356D-16 -0.75311203031196591D-18  0.67074337282079271D-11 -0.22206313283135698D-10 -0.28888382080408416D-11  0.31615526936242287D-11  0.67439056682467279D-11 -0.62784142034954393D-10  0.12306538217872256D-13  0.17881510715915737D-14
-0.17464416610225004D-09 -0.40973667166954100D-09  0.98540345165030658D-09  0.13660133085643200D-09 -0.42100628863728937D-09  0.15859085653680998D-07 -0.10885980585864337D-09  0.26386338090896243D-09 -0.90238822862387214D-09  0.46216124140374352D-09 -0.17884079130966664D-09  0.47216553448299471D-10  0.68744054700624128D-09  0.14650467278476733D-09  0.27671646377354671D-08  0.46728212653393291D-08 -0.44037251811828703D-10  0.64797068950331559D-10 -0.19599478959648253D-09  0.23412010011236240D-09  0.19598462816848984D-14  0.57772852640816962D-14 -0.32775110227507214D-15  0.14639813459720061D-15  0.50261347425707545D-16  0.73182981124486489D-13  0.68374463860147834D-16  0.29590771133283971D-18  0.37030319102667668D-11 -0.91064068023638253D-10  0.92308870904779524D-11 -0.11678671091857151D-10  0.38495381306500666D-10  0.18942822652837494D-09  0.76284953587835126D-14  0.12306464916092462D-16
-0.36983662250134695D-11 -0.54100300184205684D-08  0.47313980186636774D-09  0.11013022478993527D-08  0.65235059875211630D-11 -0.10885980585864337D-09  0.10149990661902091D-07  0.37889389313846936D-10  0.48300154037851229D-09 -0.11786451547593359D-09  0.12444949282906180D-10 -0.50347660568741767D-09  0.20874247515954590D-08  0.29329478507160279D-10  0.28901460653064956D-10 -0.97201882162125302D-11  0.25076197995184597D-08 -0.12477136146490245D-08  0.11326288583815496D-09 -0.28583117148500998D-10 -0.61523708963481927D-15  0.52520837650934809D-15  0.17778421160975076D-14  0.34904274162339073D-17 -0.27685961040610512D-14 -0.56455825308349336D-15  0.39599253999319587D-17  0.28961974985860797D-18  0.45118116223192648D-11 -0.10359309229760053D-11 -0.45448173749967835D-11 -0.53213603744886861D-12  0.17562059494975480D-10 -0.15969440669586784D-11 -0.54834522681851923D-14 -0.38442650938398898D-15
 0.37880533470908553D-10 -0.16840503288648592D-08 -0.55231309014662442D-08 -0.89974404224787049D-09  0.24016328178036472D-10  0.26386338090896243D-09  0.37889389313846936D-10  0.10298469670906749D-07  0.12254997719873825D-09  0.28279239516605297D-09  0.76637244749082438D-10 -0.25090829362120125D-08 -0.39408036543842679D-09 -0.15945217032429559D-08  0.50045523206314198D-10  0.14232243457796759D-10  0.14370691548117618D-08  0.25823785451411914D-08  0.84108922676332704D-11  0.73759838736886904D-10 -0.25337059487170951D-14  0.21926786457933063D-15  0.41752130413461287D-15 -0.31979561773703292D-16 -0.94272315510236674D-14  0.34333527990902623D-14 -0.65683217336413803D-17  0.15072346329795131D-18  0.27326554861988488D-10  0.43268950925723240D-12 -0.33727976257585132D-10  0.13791827452953618D-11 -0.32188343134994526D-10  0.12032052231078384D-10 -0.45074036982599913D-14  0.16176822697235871D-15
 0.34977389204094877D-10  0.83491981632995001D-10  0.11627254662107630D-09  0.27991988663924699D-09  0.41105940301193562D-09 -0.90238822862387214D-09  0.48300154037851229D-09  0.12254997719873825D-09  0.52062946383659273D-08  0.49534100726387845D-10 -0.16527538939967510D-10  0.17201778615391075D-09 -0.87886108527053448D-11  0.87276058299433922D-10  0.53294869762633555D-09  0.97731750038376434D-10  0.12192224737425212D-09 -0.17991143852975165D-10  0.11535646943417688D-08 -0.38531366116191621D-09 -0.26241035872915972D-15 -0.12903720957109590D-14  0.10054875612820167D-14 -0.29450636525004269D-16  0.12023016781254700D-14 -0.89247427738203167D-15  0.28544367564321173D-16  0.28289617035577135D-18 -0.72915659832605163D-11 -0.42857552803809200D-11  0.52859716795549651D-11  0.92580577369573434D-12  0.54102422162702047D-11  0.23658125769068866D-10 -0.66143099097183611D-15 -0.18700501855765130D-15
-0.33343427463568958D-10  0.13032212397929927D-09 -0.46883407814781274D-09  0.16174286941798087D-09  0.13945071947831292D-08  0.46216124140374352D-09 -0.11786451547593359D-09  0.28279239516605297D-09  0.49534100726387845D-10  0.52483345309167266D-08 -0.18834797497463911D-10 -0.41828217211375314D-10 -0.13140962990237898D-09 -0.89281661580223136D-10 -0.35996632125437487D-10  0.47966421434285602D-09 -0.14131218010894298D-10  0.10282005265860140D-09  0.40878343916159954D-09  0.11728146268916721D-08 -0.10120781441167819D-15 -0.34220198816028288D-14  0.19028230291592675D-15  0.28152584778070004D-16 -0.56039699716245987D-15 -0.99105189541167481D-15 -0.28266763458502768D-17 -0.22476278451630520D-19  0.25537847976144441D-12 -0.95607079118174964D-12 -0.67285958774857988D-12 -0.13801610997356644D-11  0.20982195823137299D-11  0.18615129540744820D-11 -0.36140032634047791D-15  0.30717106191724796D-15
 0.23830479007886695D-09 -0.10150341132053908D-09 -0.31146503581221740D-09  0.24949509084236890D-09  0.22615611286330227D-09 -0.17884079130966664D-09  0.12444949282906180D-10  0.76637244749082438D-10 -0.16527538939967510D-10 -0.18834797497463911D-10  0.11373225106760700D-08 -0.11498506099915202D-09 -0.10577540133222659D-09  0.69826093761797319D-11  0.11177541305914855D-09  0.10673379163961661D-09  0.36814830425690792D-10  0.55536885211088797D-11  0.48672510811377622D-11  0.10531743636547335D-10 -0.35717222728976086D-15  0.18176678008044076D-14  0.83761000188218092D-15 -0.20089344244859089D-15 -0.59722719911720524D-15  0.68153784134652382D-14 -0.36637194042974715D-16 -0.81897493236689489D-19  0.33637238738758191D-11  0.23590643871920181D-10 -0.11994618136218549D-11  0.94507169141303069D-11 -0.11193225114157433D-11  0.25034995086831919D-10  0.30632241569813411D-14  0.27794706793744062D-15
-0.47379206150943559D-10  0.10086483947019655D-07  0.59285583374482434D-08  0.15625874372635017D-08  0.12147308802051655D-09  0.47216553448299471D-10 -0.50347660568741767D-09 -0.25090829362120125D-08  0.17201778615391075D-09 -0.41828217211375314D-10 -0.11498506099915202D-09  0.56189190491127193D-08 -0.64671733846338655D-09  0.22452196696549393D-08  0.10697853183127469D-09  0.33240903793852812D-10 -0.73661558019686955D-09 -0.70920295734692949D-09  0.31157319887131208D-10  0.71505307108000716D-12  0.49528204461376134D-15 -0.68554946057037549D-15 -0.29623224213315318D-15  0.39934182195826095D-16  0.26205924480141854D-13 -0.24174097222569997D-14 -0.10581907521150030D-16 -0.26363416744567504D-18 -0.10674194371111329D-09 -0.32313370800943911D-11  0.70591600109647344D-10 -0.21255301298327573D-11  0.83710038657837261D-10 -0.51537551191875990D-11  0.13591142119678406D-13  0.13325171368292691D-15
-0.30246149205747134D-10 -0.93585111037203401D-08  0.10694849363470150D-07  0.23957395169131735D-08 -0.81982332753554300D-10  0.68744054700624128D-09  0.20874247515954590D-08 -0.39408036543842679D-09 -0.87886108527053448D-11 -0.13140962990237898D-09 -0.10577540133222659D-09 -0.64671733846338655D-09  0.73105859148055945D-08  0.11907194596169013D-08 -0.27149642195205989D-10  0.32807217191237135D-09  0.58921074892483013D-09 -0.65830436220250980D-09 -0.20285420178555293D-11 -0.38882998856771834D-10  0.14754478921562347D-13  0.37013695023369387D-15 -0.10845811779123526D-13  0.25707124742143501D-16 -0.23108705628235524D-14  0.31848572163130404D-14 -0.28742847789395292D-16 -0.34453100759319592D-18  0.62142763968377064D-10 -0.86126206864767890D-12 -0.36458530752329970D-10 -0.10761565318414127D-11  0.17909458043271687D-09  0.67930782267218764D-11  0.19755904967588777D-13  0.19733413560851523D-14
-0.12309252024204252D-10  0.19922768193132126D-08  0.57000597280894883D-08  0.80950346233651806D-08  0.22866629131921811D-10  0.14650467278476733D-09  0.29329478507160279D-10 -0.15945217032429559D-08  0.87276058299433922D-10 -0.89281661580223136D-10  0.69826093761797319D-11  0.22452196696549393D-08  0.11907194596169013D-08  0.43001478599971755D-08  0.61707933876434735D-10  0.10140033473625950D-09 -0.23580907262106764D-09 -0.70369866133118309D-09 -0.93688902793248139D-12 -0.56160069415335256D-11  0.92646114143891509D-15 -0.61590940433106858D-16  0.93882474623508275D-14  0.10598064727696960D-16  0.10855920008603689D-13  0.16300075913343605D-15 -0.68172806796047242D-17 -0.29155138700298792D-20 -0.41971218238282588D-10 -0.12380778582902966D-11  0.66706386219114176D-10 -0.69271118438380764D-12  0.13844830724509381D-09  0.23163627577090624D-11  0.11712060131050018D-13  0.23700177322325192D-15
 0.22877655638338345D-10  0.25536457367051949D-09  0.10124841684559920D-09  0.25649842067570710D-10  0.25033034421467134D-08  0.27671646377354671D-08  0.28901460653064956D-10  0.50045523206314198D-10  0.53294869762633555D-09 -0.35996632125437487D-10  0.11177541305914855D-09  0.10697853183127469D-09 -0.27149642195205989D-10  0.61707933876434735D-10  0.21504067912263161D-08  0.44489465371870256D-09  0.43460692404398731D-12  0.42817891522534048D-11 -0.20199779282237121D-10 -0.10006303673350809D-09  0.16720955777482389D-15 -0.60316479780348209D-14  0.36120395215781843D-15 -0.19511058627895896D-16  0.65576283153985502D-15  0.10022460609303644D-13 -0.55114641138980041D-17 -0.16724568214526579D-18 -0.69112793374472747D-12 -0.31436023828569812D-10  0.30686681891065813D-11 -0.42493078918823277D-13  0.55072546817242520D-11  0.15323621823804938D-10  0.57581619893101909D-14  0.25283461419324794D-15
-0.52582793652202733D-10 -0.27224381567463441D-09  0.46452280701472840D-09  0.31307493532986034D-09 -0.12349814402189024D-08  0.46728212653393291D-08 -0.97201882162125302D-11  0.14232243457796759D-10  0.97731750038376434D-10  0.47966421434285602D-09  0.10673379163961661D-09  0.33240903793852812D-10  0.32807217191237135D-09  0.10140033473625950D-09  0.44489465371870256D-09  0.23424990156030341D-08 -0.54832564582500847D-11  0.10553342872390142D-10  0.10928197812453514D-09  0.35467325224967040D-10  0.77309276419722221D-15  0.44407661997828357D-14  0.32862541063147495D-16  0.44060275694715664D-16  0.58144503210253906D-15  0.25707512650401155D-13  0.45847506699186263D-16  0.35947709310181731D-18 -0.15918146699589648D-11 -0.25438686384910777D-10  0.55017047348922576D-11 -0.41633248585837260D-11  0.20543289344778689D-10  0.98042339710968475D-10  0.19894147489759276D-14 -0.27335230475952648D-15
 0.10658332294149182D-10 -0.22442809105008191D-08 -0.86247038106976504D-09  0.66780236926478793D-09 -0.41770607442456593D-10 -0.44037251811828703D-10  0.25076197995184597D-08  0.14370691548117618D-08  0.12192224737425212D-09 -0.14131218010894298D-10  0.36814830425690792D-10 -0.73661558019686955D-09  0.58921074892483013D-09 -0.23580907262106764D-09  0.43460692404398731D-12 -0.54832564582500847D-11  0.10188345662864638D-08  0.26912907566998801D-10  0.16207937609825684D-10  0.32131006300732619D-11 -0.68153831526592475D-15  0.23490707947776164D-15  0.19678506792925914D-14 -0.88583711022596502D-17 -0.32773762067754927D-14  0.53011028750527452D-15  0.44071602015972448D-17  0.12046544228805015D-18  0.88952974607158171D-11 -0.35017978117120831D-13 -0.78484340347507346D-11  0.33501947785711725D-12  0.32045492890032211D-11  0.21765895542727116D-11 -0.25880562154899777D-14 -0.18300693005858414D-15
 0.83151066729543276D-11  0.48090853052904912D-09 -0.21102691338676319D-08 -0.12647461984016567D-08  0.51164735568886882D-11  0.64797068950331559D-10 -0.12477136146490245D-08  0.25823785451411914D-08 -0.17991143852975165D-10  0.10282005265860140D-09  0.55536885211088797D-11 -0.70920295734692949D-09 -0.65830436220250980D-09 -0.70369866133118309D-09  0.42817891522534048D-11  0.10553342872390142D-10  0.26912907566998801D-10  0.99336557107620971D-09 -0.12757117290632131D-10  0.15616838439763519D-10 -0.99970614614335304D-15 -0.63319660073864164D-16 -0.10243585164698001D-14 -0.70726470067998491D-17 -0.24002755164379314D-14  0.98192238809024304D-15 -0.12135801585275297D-16 -0.28135206573657069D-19  0.52743734441834108D-11 -0.12075582528709608D-14 -0.94885412306238909D-11  0.37362851655851855D-12 -0.23158531427256725D-10  0.39315796133966217D-11 -0.12697935845722562D-14  0.36253660897050730D-16
-0.42302974379970447D-11 -0.12770091586633244D-11 -0.17585085311454080D-10  0.43564754838524633D-10  0.26872537973325504D-09 -0.19599478959648253D-09  0.11326288583815496D-09  0.84108922676332704D-11  0.11535646943417688D-08  0.40878343916159954D-09  0.48672510811377622D-11  0.31157319887131208D-10 -0.20285420178555293D-11 -0.93688902793248139D-12 -0.20199779282237121D-10  0.10928197812453514D-09  0.16207937609825684D-10 -0.12757117290632131D-10  0.39013552483920424D-09  0.84388250340520021D-11 -0.39232172317498104D-16 -0.46299341641256582D-15  0.10678397195680008D-15  0.35672617940899954D-17  0.53567115339349368D-18  0.21048814331436129D-15  0.66040446021299591D-17  0.57117852850317516D-19 -0.98425864279448675D-12 -0.25837223311394601D-12  0.50291683492170250D-12 -0.27915748628703112D-12  0.28674397609151654D-12  0.43177615549304347D-11 -0.54064990609900880D-16  0.61317753585791245D-16
-0.14307609884704697D-10  0.71054022590873088D-10 -0.10377466141280329D-09  0.37571707366081061D-10  0.24394807083523937D-09  0.23412010011236240D-09 -0.28583117148500998D-10  0.73759838736886904D-10 -0.38531366116191621D-09  0.11728146268916721D-08  0.10531743636547335D-10  0.71505307108000716D-12 -0.38882998856771834D-10 -0.56160069415335256D-11 -0.10006303673350809D-09  0.35467325224967040D-10  0.32131006300732619D-11  0.15616838439763519D-10  0.84388250340520021D-11  0.39550899665058425D-09 -0.65811482485254040D-16 -0.45570198881850037D-15  0.14939138014616010D-16  0.12083446213920745D-16 -0.19804670184058539D-15  0.26922103422676478D-15 -0.59551011414877010D-17 -0.10967804729368999D-19  0.40248749695171712D-12 -0.87354753829602918D-13 -0.39175229612514420D-12 -0.53999636616527419D-12 -0.71294832215391339D-12 -0.36018896566384483D-11  0.35470201426520960D-15  0.12833640065387466D-15
-0.60597863369247462D-16 -0.12548662409808171D-13  0.25535022979396298D-13 -0.19589746458077501D-14  0.58265379865381559D-15  0.19598462816848984D-14 -0.61523708963481927D-15 -0.25337059487170951D-14 -0.26241035872915972D-15 -0.10120781441167819D-15 -0.35717222728976086D-15  0.49528204461376134D-15  0.14754478921562347D-13  0.92646114143891509D-15  0.16720955777482389D-15  0.77309276419722221D-15 -0.68153831526592475D-15 -0.99970614614335304D-15 -0.39232172317498104D-16 -0.65811482485254040D-16  0.32569881189820740D-18 -0.11244400234246992D-18 -0.78630477299586910D-19 -0.39658092264879637D-22 -0.64248743240596378D-19 -0.56548750865796927D-19  0.74721684136280362D-19 -0.30380055547531995D-21  0.25099969447209728D-15  0.20191956838157145D-16 -0.20063991432556397D-15 -0.11163527543057448D-16  0.92926805255589510D-15 -0.84766354008025529D-16  0.14806280873927008D-16 -0.53660112261246233D-19
 0.76020705847371766D-15 -0.17790609911655767D-14 -0.37393662537981112D-15  0.86784387150221580D-15 -0.21218557059341195D-13  0.57772852640816962D-14  0.52520837650934809D-15  0.21926786457933063D-15 -0.12903720957109590D-14 -0.34220198816028288D-14  0.18176678008044076D-14 -0.68554946057037549D-15  0.37013695023369387D-15 -0.61590940433106858D-16 -0.60316479780348209D-14  0.44407661997828357D-14  0.23490707947776164D-15 -0.63319660073864164D-16 -0.46299341641256582D-15 -0.45570198881850037D-15 -0.11244400234246992D-18  0.42896991928288840D-17  0.60983361109640987D-19  0.26828012625419435D-20  0.94664060472572388D-19 -0.51155363233235412D-18 -0.34345451540895972D-19  0.44691487218397512D-20 -0.57169932837410280D-16  0.67532759713912099D-15  0.51578813150419067D-16 -0.27135676313574421D-15 -0.19735677716129890D-15  0.19454714189571588D-14 -0.76822132280263295D-17  0.40099104502441582D-20
 0.32751707949950959D-15 -0.24818912096362111D-15 -0.15283326553552245D-13  0.41044367392613180D-13  0.22376838989540393D-15 -0.32775110227507214D-15  0.17778421160975076D-14  0.41752130413461287D-15  0.10054875612820167D-14  0.19028230291592675D-15  0.83761000188218092D-15 -0.29623224213315318D-15 -0.10845811779123526D-13  0.93882474623508275D-14  0.36120395215781843D-15  0.32862541063147495D-16  0.19678506792925914D-14 -0.10243585164698001D-14  0.10678397195680008D-15  0.14939138014616010D-16 -0.78630477299586910D-19  0.60983361109640987D-19  0.54961395793262602D-18 -0.20956161552793141D-21 -0.22773817684425192D-18 -0.14641126208731982D-18  0.45464257209189049D-19 -0.10596673527181907D-21  0.16306764663874682D-15  0.35997785789326873D-16  0.23961341256930630D-15 -0.39862322294701023D-16 -0.35199409261505791D-15  0.10131394432050271D-16 -0.40411287469373752D-18 -0.10767003036089645D-18
-0.10889843335621089D-15  0.47936249849634655D-16  0.83905334540947769D-16  0.15712405064428466D-17 -0.47044565807628479D-16  0.14639813459720061D-15  0.34904274162339073D-17 -0.31979561773703292D-16 -0.29450636525004269D-16  0.28152584778070004D-16 -0.20089344244859089D-15  0.39934182195826095D-16  0.25707124742143501D-16  0.10598064727696960D-16 -0.19511058627895896D-16  0.44060275694715664D-16 -0.88583711022596502D-17 -0.70726470067998491D-17  0.35672617940899954D-17  0.12083446213920745D-16 -0.39658092264879637D-22  0.26828012625419435D-20 -0.20956161552793141D-21  0.10277957522598446D-21  0.69275990370936365D-21 -0.39927312037245340D-20  0.13844577040692852D-21  0.20181484764697638D-23 -0.23327550184066005D-17 -0.14985832148183850D-16  0.10666605176254195D-17 -0.68542598928559936D-17  0.10776204434063708D-17 -0.55784673145768411D-17 -0.86930490621332376D-20 -0.23210833808379797D-21
-0.46230932472560650D-15  0.51033892697933507D-13  0.25274387187877623D-13  0.58894876835276241D-14 -0.69912616831747258D-15  0.50261347425707545D-16 -0.27685961040610512D-14 -0.94272315510236674D-14  0.12023016781254700D-14 -0.56039699716245987D-15 -0.59722719911720524D-15  0.26205924480141854D-13 -0.23108705628235524D-14  0.10855920008603689D-13  0.65576283153985502D-15  0.58144503210253906D-15 -0.32773762067754927D-14 -0.24002755164379314D-14  0.53567115339349368D-18 -0.19804670184058539D-15 -0.64248743240596378D-19  0.94664060472572388D-19 -0.22773817684425192D-18  0.69275990370936365D-21  0.78226132711743348D-18 -0.12635772622330134D-18 -0.70315157403546443D-19  0.23720132558720726D-22 -0.16511503315166951D-14 -0.42812359289780182D-16  0.96749224071591007D-15 -0.62454534031409482D-16  0.15163143377389268D-14  0.21943887249765319D-15 -0.46529051568127081D-17 -0.16337344766243814D-18
 0.15858404266792104D-14 -0.66605361090448502D-14  0.18602474753910737D-16  0.42267924136200414D-14 -0.60662330141936850D-14  0.73182981124486489D-13 -0.56455825308349336D-15  0.34333527990902623D-14 -0.89247427738203167D-15 -0.99105189541167481D-15  0.68153784134652382D-14 -0.24174097222569997D-14  0.31848572163130404D-14  0.16300075913343605D-15  0.10022460609303644D-13  0.25707512650401155D-13  0.53011028750527452D-15  0.98192238809024304D-15  0.21048814331436129D-15  0.26922103422676478D-15 -0.56548750865796927D-19 -0.51155363233235412D-18 -0.14641126208731982D-18 -0.39927312037245340D-20 -0.12635772622330134D-18  0.44430720803689222D-17 -0.13204867953031507D-18  0.14434762640615326D-20  0.14035081038693026D-15 -0.11242632112601397D-14 -0.11705881924125609D-15  0.11472419824279842D-14  0.97349324755427006D-16  0.40076682632335789D-14 -0.13538740643389303D-17  0.21877971029988070D-18
-0.22280213861893578D-16 -0.55840370903519785D-16 -0.76743790848206959D-16  0.59714196844088026D-16 -0.47584845690879356D-16  0.68374463860147834D-16  0.39599253999319587D-17 -0.65683217336413803D-17  0.28544367564321173D-16 -0.28266763458502768D-17 -0.36637194042974715D-16 -0.10581907521150030D-16 -0.28742847789395292D-16 -0.68172806796047242D-17 -0.55114641138980041D-17  0.45847506699186263D-16  0.44071602015972448D-17 -0.12135801585275297D-16  0.66040446021299591D-17 -0.59551011414877010D-17  0.74721684136280362D-19 -0.34345451540895972D-19  0.45464257209189049D-19  0.13844577040692852D-21 -0.70315157403546443D-19 -0.13204867953031507D-18  0.25071643884943605D-18 -0.43278296191529532D-22 -0.41206227914788159D-17  0.18253106248815340D-16 -0.82492630245260330D-17 -0.45394025049325450D-16 -0.18316286617241947D-16 -0.12115053364693069D-16  0.38199391672728384D-17 -0.56469400608884635D-19
-0.23882088527932165D-18 -0.44388995615685527D-18 -0.78549895269603130D-18  0.84129229032842341D-18 -0.75311203031196591D-18  0.29590771133283971D-18  0.28961974985860797D-18  0.15072346329795131D-18  0.28289617035577135D-18 -0.22476278451630520D-19 -0.81897493236689489D-19 -0.26363416744567504D-18 -0.34453100759319592D-18 -0.29155138700298792D-20 -0.16724568214526579D-18  0.35947709310181731D-18  0.12046544228805015D-18 -0.28135206573657069D-19  0.57117852850317516D-19 -0.10967804729368999D-19 -0.30380055547531995D-21  0.44691487218397512D-20 -0.10596673527181907D-21  0.20181484764697638D-23  0.23720132558720726D-22  0.14434762640615326D-20 -0.43278296191529532D-22  0.12574135331784471D-22 -0.19558801973477886D-19 -0.23283972540572585D-18  0.38208520531008538D-19  0.35997837718044508D-18 -0.21970329124461591D-18  0.64827291831084386D-18 -0.17258580436867364D-19  0.20346610711960482D-21
 0.26651278677652691D-11 -0.25756118546150960D-09  0.80448269302490757D-11 -0.10800915992557675D-10  0.67074337282079271D-11  0.37030319102667668D-11  0.45118116223192648D-11  0.27326554861988488D-10 -0.72915659832605163D-11  0.25537847976144441D-12  0.33637238738758191D-11 -0.10674194371111329D-09  0.62142763968377064D-10 -0.41971218238282588D-10 -0.69112793374472747D-12 -0.15918146699589648D-11  0.88952974607158171D-11  0.52743734441834108D-11 -0.98425864279448675D-12  0.40248749695171712D-12  0.25099969447209728D-15 -0.57169932837410280D-16  0.16306764663874682D-15 -0.23327550184066005D-17 -0.16511503315166951D-14  0.14035081038693026D-15 -0.41206227914788159D-17 -0.19558801973477886D-19  0.98534214115172261D-11  0.36917077247402050D-12 -0.59692788888465619D-11  0.20861644609558378D-12 -0.19061614733098576D-11 -0.71800678739559819D-12  0.76865428240141463D-14  0.86844531747348451D-15
 0.18311583822800409D-10 -0.44852409393061700D-11 -0.31836695067198792D-11 -0.70029976391892690D-11 -0.22206313283135698D-10 -0.91064068023638253D-10 -0.10359309229760053D-11  0.43268950925723240D-12 -0.42857552803809200D-11 -0.95607079118174964D-12  0.23590643871920181D-10 -0.32313370800943911D-11 -0.86126206864767890D-12 -0.12380778582902966D-11 -0.31436023828569812D-10 -0.25438686384910777D-10 -0.35017978117120831D-13 -0.12075582528709608D-14 -0.25837223311394601D-12 -0.87354753829602918D-13  0.20191956838157145D-16  0.67532759713912099D-15  0.35997785789326873D-16 -0.14985832148183850D-16 -0.42812359289780182D-16 -0.11242632112601397D-14  0.18253106248815340D-16 -0.23283972540572585D-18  0.36917077247402050D-12  0.67036989642509742D-11 -0.21982241098675695D-12  0.14670257248639839D-11  0.97859902270447271D-13 -0.21740401779339375D-12 -0.75120159103905245D-15 -0.33373234734155481D-16
-0.12164593098541122D-11  0.16052604678139559D-09  0.24175840918554822D-10  0.85311086645905333D-10 -0.28888382080408416D-11  0.92308870904779524D-11 -0.45448173749967835D-11 -0.33727976257585132D-10  0.52859716795549651D-11 -0.67285958774857988D-12 -0.11994618136218549D-11  0.70591600109647344D-10 -0.36458530752329970D-10  0.66706386219114176D-10  0.30686681891065813D-11  0.55017047348922576D-11 -0.78484340347507346D-11 -0.94885412306238909D-11  0.50291683492170250D-12 -0.39175229612514420D-12 -0.20063991432556397D-15  0.51578813150419067D-16  0.23961341256930630D-15  0.10666605176254195D-17  0.96749224071591007D-15 -0.11705881924125609D-15 -0.82492630245260330D-17  0.38208520531008538D-19 -0.59692788888465619D-11 -0.21982241098675695D-12  0.60861305917953902D-11 -0.12260256583030065D-12  0.29373667751818462D-11  0.33139315634424898D-12 -0.43769647704580678D-14 -0.57970454448470511D-15
 0.69853638471969053D-11 -0.24074186063399733D-11 -0.38301379867556390D-11 -0.16960562741103840D-11  0.31615526936242287D-11 -0.11678671091857151D-10 -0.53213603744886861D-12  0.13791827452953618D-11  0.92580577369573434D-12 -0.13801610997356644D-11  0.94507169141303069D-11 -0.21255301298327573D-11 -0.10761565318414127D-11 -0.69271118438380764D-12 -0.42493078918823277D-13 -0.41633248585837260D-11  0.33501947785711725D-12  0.37362851655851855D-12 -0.27915748628703112D-12 -0.53999636616527419D-12 -0.11163527543057448D-16 -0.27135676313574421D-15 -0.39862322294701023D-16 -0.68542598928559936D-17 -0.62454534031409482D-16  0.11472419824279842D-14 -0.45394025049325450D-16  0.35997837718044508D-18  0.20861644609558378D-12  0.14670257248639839D-11 -0.12260256583030065D-12  0.98354424406547357D-12 -0.32730832405503938D-13  0.24366475040764031D-12 -0.19769333584932835D-17  0.92612486057846067D-16
-0.13948957801044003D-11 -0.46150230458540671D-10  0.40107499864781755D-09  0.36630941197257115D-09  0.67439056682467279D-11  0.38495381306500666D-10  0.17562059494975480D-10 -0.32188343134994526D-10  0.54102422162702047D-11  0.20982195823137299D-11 -0.11193225114157433D-11  0.83710038657837261D-10  0.17909458043271687D-09  0.13844830724509381D-09  0.55072546817242520D-11  0.20543289344778689D-10  0.32045492890032211D-11 -0.23158531427256725D-10  0.28674397609151654D-12 -0.71294832215391339D-12  0.92926805255589510D-15 -0.19735677716129890D-15 -0.35199409261505791D-15  0.10776204434063708D-17  0.15163143377389268D-14  0.97349324755427006D-16 -0.18316286617241947D-16 -0.21970329124461591D-18 -0.19061614733098576D-11  0.97859902270447271D-13  0.29373667751818462D-11 -0.32730832405503938D-13  0.26473076229295308D-10  0.65878704941875232D-12  0.85269170976788453D-14 -0.27095004194891941D-15
 0.70413828671512863D-11 -0.14764841852214360D-10  0.71501434520331636D-13  0.24598263309971960D-10 -0.62784142034954393D-10  0.18942822652837494D-09 -0.15969440669586784D-11  0.12032052231078384D-10  0.23658125769068866D-10  0.18615129540744820D-11  0.25034995086831919D-10 -0.51537551191875990D-11  0.67930782267218764D-11  0.23163627577090624D-11  0.15323621823804938D-10  0.98042339710968475D-10  0.21765895542727116D-11  0.39315796133966217D-11  0.43177615549304347D-11 -0.36018896566384483D-11 -0.84766354008025529D-16  0.19454714189571588D-14  0.10131394432050271D-16 -0.55784673145768411D-17  0.21943887249765319D-15  0.40076682632335789D-14 -0.12115053364693069D-16  0.64827291831084386D-18 -0.71800678739559819D-12 -0.21740401779339375D-12  0.33139315634424898D-12  0.24366475040764031D-12  0.65878704941875232D-12  0.20473788327083258D-10 -0.67531540629978518D-14 -0.23997992995164886D-15
 0.13404434330635448D-14  0.43518381311664567D-14  0.52785710037073633D-13  0.24657386047168309D-13  0.12306538217872256D-13  0.76284953587835126D-14 -0.54834522681851923D-14 -0.45074036982599913D-14 -0.66143099097183611D-15 -0.36140032634047791D-15  0.30632241569813411D-14  0.13591142119678406D-13  0.19755904967588777D-13  0.11712060131050018D-13  0.57581619893101909D-14  0.19894147489759276D-14 -0.25880562154899777D-14 -0.12697935845722562D-14 -0.54064990609900880D-16  0.35470201426520960D-15  0.14806280873927008D-16 -0.76822132280263295D-17 -0.40411287469373752D-18 -0.86930490621332376D-20 -0.46529051568127081D-17 -0.13538740643389303D-17  0.38199391672728384D-17 -0.17258580436867364D-19  0.76865428240141463D-14 -0.75120159103905245D-15 -0.43769647704580678D-14 -0.19769333584932835D-17  0.85269170976788453D-14 -0.67531540629978518D-14  0.85042696971041217D-15 -0.12250730532498435D-17
 0.20280219446830771D-15 -0.17055992433631289D-14  0.41045826886629427D-14  0.22629885287230548D-15  0.17881510715915737D-14  0.12306464916092462D-16 -0.38442650938398898D-15  0.16176822697235871D-15 -0.18700501855765130D-15  0.30717106191724796D-15  0.27794706793744062D-15  0.13325171368292691D-15  0.19733413560851523D-14  0.23700177322325192D-15  0.25283461419324794D-15 -0.27335230475952648D-15 -0.18300693005858414D-15  0.36253660897050730D-16  0.61317753585791245D-16  0.12833640065387466D-15 -0.53660112261246233D-19  0.40099104502441582D-20 -0.10767003036089645D-18 -0.23210833808379797D-21 -0.16337344766243814D-18  0.21877971029988070D-18 -0.56469400608884635D-19  0.20346610711960482D-21  0.86844531747348451D-15 -0.33373234734155481D-16 -0.57970454448470511D-15  0.92612486057846067D-16 -0.27095004194891941D-15 -0.23997992995164886D-15 -0.12250730532498435D-17  0.75351647927329121D-18
